# Angle		Radius
-3.14159 	 0.0957244
-3.1353 	 0.0962649
-3.12901 	 0.0968266
-3.12272 	 0.0974155
-3.11643 	 0.0980374
-3.11015 	 0.0986982
-3.10386 	 0.0994038
-3.09757 	 0.10016
-3.09128 	 0.100973
-3.08499 	 0.101847
-3.0787 	 0.102787
-3.07241 	 0.103799
-3.06612 	 0.104886
-3.05983 	 0.106052
-3.05354 	 0.107301
-3.04725 	 0.108634
-3.04096 	 0.110055
-3.03467 	 0.111564
-3.02838 	 0.113161
-3.02209 	 0.114847
-3.0158 	 0.116621
-3.00951 	 0.118482
-3.00322 	 0.120426
-2.99693 	 0.122451
-2.99065 	 0.124554
-2.98436 	 0.12673
-2.97807 	 0.128974
-2.97178 	 0.13128
-2.96549 	 0.133643
-2.9592 	 0.136055
-2.95291 	 0.13851
-2.94662 	 0.141
-2.94033 	 0.143517
-2.93404 	 0.146055
-2.92775 	 0.148604
-2.92146 	 0.151158
-2.91517 	 0.153707
-2.90888 	 0.156244
-2.90259 	 0.158762
-2.8963 	 0.161253
-2.89001 	 0.163711
-2.88372 	 0.166128
-2.87743 	 0.1685
-2.87115 	 0.170822
-2.86486 	 0.173087
-2.85857 	 0.175294
-2.85228 	 0.177438
-2.84599 	 0.179517
-2.8397 	 0.181531
-2.83341 	 0.183478
-2.82712 	 0.185359
-2.82083 	 0.187175
-2.81454 	 0.188928
-2.80825 	 0.190621
-2.80196 	 0.192258
-2.79567 	 0.193842
-2.78938 	 0.19538
-2.78309 	 0.196876
-2.7768 	 0.198337
-2.77051 	 0.19977
-2.76422 	 0.201181
-2.75793 	 0.202579
-2.75165 	 0.203969
-2.74536 	 0.205361
-2.73907 	 0.206761
-2.73278 	 0.208177
-2.72649 	 0.209615
-2.7202 	 0.211084
-2.71391 	 0.212588
-2.70762 	 0.214133
-2.70133 	 0.215724
-2.69504 	 0.217366
-2.68875 	 0.219062
-2.68246 	 0.220814
-2.67617 	 0.222623
-2.66988 	 0.224489
-2.66359 	 0.226413
-2.6573 	 0.228391
-2.65101 	 0.23042
-2.64472 	 0.232496
-2.63843 	 0.234614
-2.63215 	 0.236767
-2.62586 	 0.238947
-2.61957 	 0.241145
-2.61328 	 0.243352
-2.60699 	 0.245556
-2.6007 	 0.247747
-2.59441 	 0.249911
-2.58812 	 0.252036
-2.58183 	 0.254109
-2.57554 	 0.256116
-2.56925 	 0.258043
-2.56296 	 0.259876
-2.55667 	 0.2616
-2.55038 	 0.263203
-2.54409 	 0.26467
-2.5378 	 0.26599
-2.53151 	 0.267148
-2.52522 	 0.268135
-2.51893 	 0.26894
-2.51265 	 0.269553
-2.50636 	 0.269965
-2.50007 	 0.270171
-2.49378 	 0.270163
-2.48749 	 0.269938
-2.4812 	 0.269494
-2.47491 	 0.268828
-2.46862 	 0.267942
-2.46233 	 0.266838
-2.45604 	 0.265518
-2.44975 	 0.263988
-2.44346 	 0.262255
-2.43717 	 0.260327
-2.43088 	 0.258213
-2.42459 	 0.255925
-2.4183 	 0.253474
-2.41201 	 0.250874
-2.40572 	 0.248137
-2.39943 	 0.245281
-2.39315 	 0.242319
-2.38686 	 0.239268
-2.38057 	 0.236144
-2.37428 	 0.232963
-2.36799 	 0.229742
-2.3617 	 0.226498
-2.35541 	 0.223244
-2.34912 	 0.219998
-2.34283 	 0.216772
-2.33654 	 0.213582
-2.33025 	 0.210438
-2.32396 	 0.207352
-2.31767 	 0.204334
-2.31138 	 0.201393
-2.30509 	 0.198535
-2.2988 	 0.195765
-2.29251 	 0.193089
-2.28622 	 0.190506
-2.27993 	 0.188018
-2.27365 	 0.185623
-2.26736 	 0.183318
-2.26107 	 0.181098
-2.25478 	 0.178958
-2.24849 	 0.176889
-2.2422 	 0.174883
-2.23591 	 0.172928
-2.22962 	 0.171015
-2.22333 	 0.169131
-2.21704 	 0.167262
-2.21075 	 0.165396
-2.20446 	 0.163519
-2.19817 	 0.161616
-2.19188 	 0.159675
-2.18559 	 0.157682
-2.1793 	 0.155623
-2.17301 	 0.153486
-2.16672 	 0.15126
-2.16043 	 0.148936
-2.15415 	 0.146503
-2.14786 	 0.143955
-2.14157 	 0.141285
-2.13528 	 0.13849
-2.12899 	 0.135568
-2.1227 	 0.132518
-2.11641 	 0.129343
-2.11012 	 0.126046
-2.10383 	 0.122635
-2.09754 	 0.119116
-2.09125 	 0.115502
-2.08496 	 0.111804
-2.07867 	 0.108038
-2.07238 	 0.10422
-2.06609 	 0.100369
-2.0598 	 0.0965046
-2.05351 	 0.0926491
-2.04722 	 0.0888253
-2.04093 	 0.0850576
-2.03465 	 0.0813709
-2.02836 	 0.077791
-2.02207 	 0.0743442
-2.01578 	 0.0710569
-2.00949 	 0.0679554
-2.0032 	 0.0650657
-1.99691 	 0.0624131
-1.99062 	 0.0600223
-1.98433 	 0.0579165
-1.97804 	 0.0561181
-1.97175 	 0.0546473
-1.96546 	 0.0535231
-1.95917 	 0.0527622
-1.95288 	 0.0523793
-1.94659 	 0.0523866
-1.9403 	 0.052794
-1.93401 	 0.0536091
-1.92772 	 0.0548364
-1.92143 	 0.0564782
-1.91515 	 0.0585339
-1.90886 	 0.0610003
-1.90257 	 0.0638716
-1.89628 	 0.0671394
-1.88999 	 0.070793
-1.8837 	 0.0748192
-1.87741 	 0.0792029
-1.87112 	 0.0839267
-1.86483 	 0.0889716
-1.85854 	 0.0943172
-1.85225 	 0.0999414
-1.84596 	 0.105821
-1.83967 	 0.111933
-1.83338 	 0.118253
-1.82709 	 0.124756
-1.8208 	 0.131418
-1.81451 	 0.138215
-1.80822 	 0.145123
-1.80193 	 0.15212
-1.79565 	 0.159184
-1.78936 	 0.166295
-1.78307 	 0.173436
-1.77678 	 0.180588
-1.77049 	 0.187739
-1.7642 	 0.194875
-1.75791 	 0.201987
-1.75162 	 0.209066
-1.74533 	 0.216109
-1.73904 	 0.223113
-1.73275 	 0.230077
-1.72646 	 0.237006
-1.72017 	 0.243902
-1.71388 	 0.250776
-1.70759 	 0.257636
-1.7013 	 0.264495
-1.69501 	 0.271367
-1.68872 	 0.278267
-1.68243 	 0.285215
-1.67615 	 0.292227
-1.66986 	 0.299326
-1.66357 	 0.30653
-1.65728 	 0.313862
-1.65099 	 0.321343
-1.6447 	 0.328994
-1.63841 	 0.336836
-1.63212 	 0.34489
-1.62583 	 0.353174
-1.61954 	 0.361707
-1.61325 	 0.370504
-1.60696 	 0.37958
-1.60067 	 0.388946
-1.59438 	 0.398614
-1.58809 	 0.408589
-1.5818 	 0.418876
-1.57551 	 0.429478
-1.56922 	 0.440391
-1.56293 	 0.451613
-1.55665 	 0.463135
-1.55036 	 0.474947
-1.54407 	 0.487034
-1.53778 	 0.49938
-1.53149 	 0.511965
-1.5252 	 0.524767
-1.51891 	 0.53776
-1.51262 	 0.550916
-1.50633 	 0.564206
-1.50004 	 0.577597
-1.49375 	 0.591057
-1.48746 	 0.604551
-1.48117 	 0.618041
-1.47488 	 0.631492
-1.46859 	 0.644867
-1.4623 	 0.658128
-1.45601 	 0.671238
-1.44972 	 0.684161
-1.44343 	 0.696863
-1.43714 	 0.709308
-1.43086 	 0.721466
-1.42457 	 0.733305
-1.41828 	 0.744797
-1.41199 	 0.755916
-1.4057 	 0.766641
-1.39941 	 0.776951
-1.39312 	 0.786828
-1.38683 	 0.79626
-1.38054 	 0.805235
-1.37425 	 0.813748
-1.36796 	 0.821794
-1.36167 	 0.829374
-1.35538 	 0.83649
-1.34909 	 0.843149
-1.3428 	 0.849361
-1.33651 	 0.855138
-1.33022 	 0.860496
-1.32393 	 0.865453
-1.31764 	 0.870028
-1.31136 	 0.874245
-1.30507 	 0.878127
-1.29878 	 0.8817
-1.29249 	 0.884991
-1.2862 	 0.888026
-1.27991 	 0.890833
-1.27362 	 0.89344
-1.26733 	 0.895874
-1.26104 	 0.898163
-1.25475 	 0.90033
-1.24846 	 0.902402
-1.24217 	 0.9044
-1.23588 	 0.906344
-1.22959 	 0.908254
-1.2233 	 0.910145
-1.21701 	 0.912031
-1.21072 	 0.913921
-1.20443 	 0.915823
-1.19814 	 0.917742
-1.19186 	 0.919678
-1.18557 	 0.921629
-1.17928 	 0.923591
-1.17299 	 0.925554
-1.1667 	 0.927508
-1.16041 	 0.929437
-1.15412 	 0.931326
-1.14783 	 0.933153
-1.14154 	 0.934898
-1.13525 	 0.936537
-1.12896 	 0.938043
-1.12267 	 0.93939
-1.11638 	 0.940549
-1.11009 	 0.941491
-1.1038 	 0.942186
-1.09751 	 0.942607
-1.09122 	 0.942722
-1.08493 	 0.942504
-1.07864 	 0.941926
-1.07236 	 0.940961
-1.06607 	 0.939586
-1.05978 	 0.937778
-1.05349 	 0.935518
-1.0472 	 0.932789
-1.04091 	 0.929576
-1.03462 	 0.925871
-1.02833 	 0.921663
-1.02204 	 0.916951
-1.01575 	 0.911733
-1.00946 	 0.906013
-1.00317 	 0.899797
-0.996882 	 0.893096
-0.990592 	 0.885926
-0.984303 	 0.878302
-0.978013 	 0.870248
-0.971724 	 0.861786
-0.965434 	 0.852946
-0.959145 	 0.843757
-0.952855 	 0.834251
-0.946566 	 0.824465
-0.940276 	 0.814434
-0.933987 	 0.804198
-0.927698 	 0.793796
-0.921408 	 0.783268
-0.915119 	 0.772655
-0.908829 	 0.761999
-0.90254 	 0.751339
-0.89625 	 0.740715
-0.889961 	 0.730165
-0.883671 	 0.719727
-0.877382 	 0.709436
-0.871092 	 0.699325
-0.864803 	 0.689423
-0.858513 	 0.679758
-0.852224 	 0.670355
-0.845934 	 0.661236
-0.839645 	 0.652418
-0.833355 	 0.643914
-0.827066 	 0.635737
-0.820776 	 0.627893
-0.814487 	 0.620385
-0.808198 	 0.613212
-0.801908 	 0.606371
-0.795619 	 0.599854
-0.789329 	 0.59365
-0.78304 	 0.587745
-0.77675 	 0.582121
-0.770461 	 0.57676
-0.764171 	 0.571639
-0.757882 	 0.566733
-0.751592 	 0.562018
-0.745303 	 0.557466
-0.739013 	 0.553048
-0.732724 	 0.548736
-0.726434 	 0.5445
-0.720145 	 0.540312
-0.713855 	 0.536143
-0.707566 	 0.531967
-0.701276 	 0.527755
-0.694987 	 0.523486
-0.688697 	 0.519134
-0.682408 	 0.514682
-0.676119 	 0.51011
-0.669829 	 0.505404
-0.66354 	 0.500552
-0.65725 	 0.495546
-0.650961 	 0.490381
-0.644671 	 0.485054
-0.638382 	 0.479567
-0.632092 	 0.473926
-0.625803 	 0.46814
-0.619513 	 0.46222
-0.613224 	 0.456181
-0.606934 	 0.450044
-0.600645 	 0.443828
-0.594355 	 0.43756
-0.588066 	 0.431264
-0.581776 	 0.424971
-0.575487 	 0.418711
-0.569197 	 0.412517
-0.562908 	 0.406422
-0.556619 	 0.400461
-0.550329 	 0.394668
-0.54404 	 0.389078
-0.53775 	 0.383726
-0.531461 	 0.378645
-0.525171 	 0.373867
-0.518882 	 0.369424
-0.512592 	 0.365343
-0.506303 	 0.361653
-0.500013 	 0.358376
-0.493724 	 0.355535
-0.487434 	 0.353146
-0.481145 	 0.351225
-0.474855 	 0.349782
-0.468566 	 0.348825
-0.462276 	 0.348358
-0.455987 	 0.34838
-0.449697 	 0.348886
-0.443408 	 0.349869
-0.437118 	 0.351316
-0.430829 	 0.353212
-0.42454 	 0.355537
-0.41825 	 0.358268
-0.411961 	 0.36138
-0.405671 	 0.364843
-0.399382 	 0.368626
-0.393092 	 0.372695
-0.386803 	 0.377014
-0.380513 	 0.381546
-0.374224 	 0.386252
-0.367934 	 0.391092
-0.361645 	 0.396026
-0.355355 	 0.401015
-0.349066 	 0.406019
-0.342776 	 0.410999
-0.336487 	 0.415918
-0.330197 	 0.420739
-0.323908 	 0.425429
-0.317618 	 0.429956
-0.311329 	 0.43429
-0.30504 	 0.438405
-0.29875 	 0.442279
-0.292461 	 0.445891
-0.286171 	 0.449226
-0.279882 	 0.452269
-0.273592 	 0.455013
-0.267303 	 0.457452
-0.261013 	 0.459586
-0.254724 	 0.461415
-0.248434 	 0.462948
-0.242145 	 0.464192
-0.235855 	 0.465162
-0.229566 	 0.465873
-0.223276 	 0.466345
-0.216987 	 0.4666
-0.210697 	 0.466662
-0.204408 	 0.466557
-0.198118 	 0.466314
-0.191829 	 0.465962
-0.18554 	 0.465531
-0.17925 	 0.465052
-0.172961 	 0.464556
-0.166671 	 0.464075
-0.160382 	 0.463638
-0.154092 	 0.463275
-0.147803 	 0.463013
-0.141513 	 0.462879
-0.135224 	 0.462896
-0.128934 	 0.463085
-0.122645 	 0.463467
-0.116355 	 0.464056
-0.110066 	 0.464865
-0.103776 	 0.465904
-0.0974869 	 0.467179
-0.0911974 	 0.468691
-0.0849079 	 0.47044
-0.0786184 	 0.47242
-0.072329 	 0.474623
-0.0660395 	 0.477037
-0.05975 	 0.479646
-0.0534605 	 0.482432
-0.0471711 	 0.485372
-0.0408816 	 0.488441
-0.0345921 	 0.491614
-0.0283026 	 0.494859
-0.0220132 	 0.498145
-0.0157237 	 0.50144
-0.00943421 	 0.504709
-0.00314474 	 0.507917
0.00314474 	 0.511029
0.00943421 	 0.514008
0.0157237 	 0.51682
0.0220132 	 0.51943
0.0283026 	 0.521805
0.0345921 	 0.523913
0.0408816 	 0.525725
0.0471711 	 0.527214
0.0534605 	 0.528353
0.05975 	 0.529123
0.0660395 	 0.529503
0.072329 	 0.529478
0.0786184 	 0.529038
0.0849079 	 0.528173
0.0911974 	 0.52688
0.0974869 	 0.525159
0.103776 	 0.523013
0.110066 	 0.52045
0.116355 	 0.517482
0.122645 	 0.514125
0.128934 	 0.510396
0.135224 	 0.50632
0.141513 	 0.501921
0.147803 	 0.497228
0.154092 	 0.492272
0.160382 	 0.487088
0.166671 	 0.481711
0.172961 	 0.476178
0.17925 	 0.470528
0.18554 	 0.4648
0.191829 	 0.459034
0.198118 	 0.45327
0.204408 	 0.447548
0.210697 	 0.441906
0.216987 	 0.436382
0.223276 	 0.431012
0.229566 	 0.42583
0.235855 	 0.420867
0.242145 	 0.416154
0.248434 	 0.411716
0.254724 	 0.407576
0.261013 	 0.403755
0.267303 	 0.400269
0.273592 	 0.397131
0.279882 	 0.394349
0.286171 	 0.39193
0.292461 	 0.389874
0.29875 	 0.38818
0.30504 	 0.386841
0.311329 	 0.385848
0.317618 	 0.385189
0.323908 	 0.384847
0.330197 	 0.384804
0.336487 	 0.385037
0.342776 	 0.385524
0.349066 	 0.386237
0.355355 	 0.38715
0.361645 	 0.388233
0.367934 	 0.389456
0.374224 	 0.390789
0.380513 	 0.392202
0.386803 	 0.393663
0.393092 	 0.395144
0.399382 	 0.396614
0.405671 	 0.398048
0.411961 	 0.399419
0.41825 	 0.400705
0.42454 	 0.401883
0.430829 	 0.402935
0.437118 	 0.403847
0.443408 	 0.404606
0.449697 	 0.405202
0.455987 	 0.40563
0.462276 	 0.405888
0.468566 	 0.405978
0.474855 	 0.405905
0.481145 	 0.405677
0.487434 	 0.405307
0.493724 	 0.40481
0.500013 	 0.404206
0.506303 	 0.403516
0.512592 	 0.402764
0.518882 	 0.401978
0.525171 	 0.401188
0.531461 	 0.400423
0.53775 	 0.399719
0.54404 	 0.399107
0.550329 	 0.398623
0.556619 	 0.398303
0.562908 	 0.398181
0.569197 	 0.398292
0.575487 	 0.39867
0.581776 	 0.399349
0.588066 	 0.400358
0.594355 	 0.401728
0.600645 	 0.403485
0.606934 	 0.405653
0.613224 	 0.408255
0.619513 	 0.411309
0.625803 	 0.414829
0.632092 	 0.418827
0.638382 	 0.423311
0.644671 	 0.428284
0.650961 	 0.433746
0.65725 	 0.439694
0.66354 	 0.446119
0.669829 	 0.453011
0.676119 	 0.460352
0.682408 	 0.468125
0.688697 	 0.476307
0.694987 	 0.484872
0.701276 	 0.493792
0.707566 	 0.503036
0.713855 	 0.512569
0.720145 	 0.522357
0.726434 	 0.532363
0.732724 	 0.542547
0.739013 	 0.552871
0.745303 	 0.563295
0.751592 	 0.573778
0.757882 	 0.584283
0.764171 	 0.594769
0.770461 	 0.605199
0.77675 	 0.615537
0.78304 	 0.625748
0.789329 	 0.635801
0.795619 	 0.645665
0.801908 	 0.655313
0.808198 	 0.664722
0.814487 	 0.67387
0.820776 	 0.68274
0.827066 	 0.691317
0.833355 	 0.699591
0.839645 	 0.707555
0.845934 	 0.715205
0.852224 	 0.722542
0.858513 	 0.729569
0.864803 	 0.736292
0.871092 	 0.742723
0.877382 	 0.748873
0.883671 	 0.75476
0.889961 	 0.7604
0.89625 	 0.765815
0.90254 	 0.771027
0.908829 	 0.77606
0.915119 	 0.780939
0.921408 	 0.78569
0.927698 	 0.79034
0.933987 	 0.794914
0.940276 	 0.79944
0.946566 	 0.803942
0.952855 	 0.808446
0.959145 	 0.812973
0.965434 	 0.817546
0.971724 	 0.822184
0.978013 	 0.826904
0.984303 	 0.83172
0.990592 	 0.836643
0.996882 	 0.841682
1.00317 	 0.846843
1.00946 	 0.852128
1.01575 	 0.857534
1.02204 	 0.863058
1.02833 	 0.868692
1.03462 	 0.874423
1.04091 	 0.880237
1.0472 	 0.886115
1.05349 	 0.892038
1.05978 	 0.897981
1.06607 	 0.903917
1.07236 	 0.909818
1.07864 	 0.915653
1.08493 	 0.92139
1.09122 	 0.926995
1.09751 	 0.932432
1.1038 	 0.937666
1.11009 	 0.942662
1.11638 	 0.947383
1.12267 	 0.951795
1.12896 	 0.955862
1.13525 	 0.959551
1.14154 	 0.962831
1.14783 	 0.965671
1.15412 	 0.968045
1.16041 	 0.969926
1.1667 	 0.971294
1.17299 	 0.972127
1.17928 	 0.972411
1.18557 	 0.972132
1.19186 	 0.971281
1.19814 	 0.969853
1.20443 	 0.967846
1.21072 	 0.965261
1.21701 	 0.962103
1.2233 	 0.958383
1.22959 	 0.954112
1.23588 	 0.949306
1.24217 	 0.943983
1.24846 	 0.938167
1.25475 	 0.931881
1.26104 	 0.925153
1.26733 	 0.918011
1.27362 	 0.910487
1.27991 	 0.902613
1.2862 	 0.894423
1.29249 	 0.885951
1.29878 	 0.877232
1.30507 	 0.868301
1.31136 	 0.859193
1.31764 	 0.849942
1.32393 	 0.840579
1.33022 	 0.831138
1.33651 	 0.821649
1.3428 	 0.812138
1.34909 	 0.802632
1.35538 	 0.793155
1.36167 	 0.783726
1.36796 	 0.774366
1.37425 	 0.765087
1.38054 	 0.755903
1.38683 	 0.746822
1.39312 	 0.73785
1.39941 	 0.72899
1.4057 	 0.720241
1.41199 	 0.711601
1.41828 	 0.703062
1.42457 	 0.694617
1.43086 	 0.686254
1.43714 	 0.677958
1.44343 	 0.669715
1.44972 	 0.661507
1.45601 	 0.653315
1.4623 	 0.645119
1.46859 	 0.636898
1.47488 	 0.628631
1.48117 	 0.620295
1.48746 	 0.611869
1.49375 	 0.603333
1.50004 	 0.594665
1.50633 	 0.585846
1.51262 	 0.576859
1.51891 	 0.567688
1.5252 	 0.558318
1.53149 	 0.548737
1.53778 	 0.538935
1.54407 	 0.528906
1.55036 	 0.518646
1.55665 	 0.508152
1.56293 	 0.497427
1.56922 	 0.486474
1.57551 	 0.475301
1.5818 	 0.463918
1.58809 	 0.45234
1.59438 	 0.440581
1.60067 	 0.428661
1.60696 	 0.4166
1.61325 	 0.404424
1.61954 	 0.392157
1.62583 	 0.379827
1.63212 	 0.367464
1.63841 	 0.355098
1.6447 	 0.342761
1.65099 	 0.330486
1.65728 	 0.318306
1.66357 	 0.306253
1.66986 	 0.29436
1.67615 	 0.282661
1.68243 	 0.271185
1.68872 	 0.259965
1.69501 	 0.249028
1.7013 	 0.238401
1.70759 	 0.228111
1.71388 	 0.21818
1.72017 	 0.208628
1.72646 	 0.199475
1.73275 	 0.190734
1.73904 	 0.182419
1.74533 	 0.17454
1.75162 	 0.167102
1.75791 	 0.160109
1.7642 	 0.153562
1.77049 	 0.147459
1.77678 	 0.141794
1.78307 	 0.136559
1.78936 	 0.131743
1.79565 	 0.127333
1.80193 	 0.123314
1.80822 	 0.119669
1.81451 	 0.116377
1.8208 	 0.113417
1.82709 	 0.110769
1.83338 	 0.108407
1.83967 	 0.106308
1.84596 	 0.104448
1.85225 	 0.1028
1.85854 	 0.101342
1.86483 	 0.100048
1.87112 	 0.0988944
1.87741 	 0.0978587
1.8837 	 0.0969191
1.88999 	 0.0960553
1.89628 	 0.0952486
1.90257 	 0.0944821
1.90886 	 0.0937409
1.91515 	 0.093012
1.92143 	 0.0922847
1.92772 	 0.0915504
1.93401 	 0.0908031
1.9403 	 0.0900389
1.94659 	 0.0892564
1.95288 	 0.0884562
1.95917 	 0.0876415
1.96546 	 0.0868173
1.97175 	 0.0859909
1.97804 	 0.0851712
1.98433 	 0.0843691
1.99062 	 0.0835968
1.99691 	 0.082868
2.0032 	 0.0821973
2.00949 	 0.0816005
2.01578 	 0.0810937
2.02207 	 0.0806937
2.02836 	 0.0804173
2.03465 	 0.0802812
2.04093 	 0.0803019
2.04722 	 0.0804953
2.05351 	 0.0808763
2.0598 	 0.081459
2.06609 	 0.0822562
2.07238 	 0.0832793
2.07867 	 0.0845381
2.08496 	 0.0860407
2.09125 	 0.0877931
2.09754 	 0.0897996
2.10383 	 0.0920624
2.11012 	 0.0945815
2.11641 	 0.0973546
2.1227 	 0.100378
2.12899 	 0.103644
2.13528 	 0.107145
2.14157 	 0.11087
2.14786 	 0.114807
2.15415 	 0.118942
2.16043 	 0.123257
2.16672 	 0.127736
2.17301 	 0.13236
2.1793 	 0.137109
2.18559 	 0.14196
2.19188 	 0.146893
2.19817 	 0.151885
2.20446 	 0.156913
2.21075 	 0.161954
2.21704 	 0.166984
2.22333 	 0.171982
2.22962 	 0.176925
2.23591 	 0.181791
2.2422 	 0.186561
2.24849 	 0.191215
2.25478 	 0.195734
2.26107 	 0.200103
2.26736 	 0.204305
2.27365 	 0.208328
2.27993 	 0.212159
2.28622 	 0.21579
2.29251 	 0.219211
2.2988 	 0.222417
2.30509 	 0.225405
2.31138 	 0.22817
2.31767 	 0.230715
2.32396 	 0.23304
2.33025 	 0.235149
2.33654 	 0.237046
2.34283 	 0.23874
2.34912 	 0.240237
2.35541 	 0.241547
2.3617 	 0.242682
2.36799 	 0.243653
2.37428 	 0.244472
2.38057 	 0.245153
2.38686 	 0.245709
2.39315 	 0.246154
2.39943 	 0.246504
2.40572 	 0.246771
2.41201 	 0.246971
2.4183 	 0.247115
2.42459 	 0.247218
2.43088 	 0.247292
2.43717 	 0.247348
2.44346 	 0.247397
2.44975 	 0.247447
2.45604 	 0.247509
2.46233 	 0.247588
2.46862 	 0.24769
2.47491 	 0.24782
2.4812 	 0.247981
2.48749 	 0.248174
2.49378 	 0.248399
2.50007 	 0.248657
2.50636 	 0.248943
2.51265 	 0.249255
2.51893 	 0.249587
2.52522 	 0.249934
2.53151 	 0.250289
2.5378 	 0.250644
2.54409 	 0.25099
2.55038 	 0.251317
2.55667 	 0.251617
2.56296 	 0.25188
2.56925 	 0.252093
2.57554 	 0.252248
2.58183 	 0.252334
2.58812 	 0.25234
2.59441 	 0.252257
2.6007 	 0.252075
2.60699 	 0.251785
2.61328 	 0.251379
2.61957 	 0.25085
2.62586 	 0.25019
2.63215 	 0.249395
2.63843 	 0.24846
2.64472 	 0.247381
2.65101 	 0.246157
2.6573 	 0.244785
2.66359 	 0.243266
2.66988 	 0.241602
2.67617 	 0.239795
2.68246 	 0.237848
2.68875 	 0.235765
2.69504 	 0.233554
2.70133 	 0.23122
2.70762 	 0.228772
2.71391 	 0.226217
2.7202 	 0.223566
2.72649 	 0.220828
2.73278 	 0.218013
2.73907 	 0.215132
2.74536 	 0.212198
2.75165 	 0.209221
2.75793 	 0.206213
2.76422 	 0.203185
2.77051 	 0.200149
2.7768 	 0.197117
2.78309 	 0.194098
2.78938 	 0.191105
2.79567 	 0.188145
2.80196 	 0.18523
2.80825 	 0.182366
2.81454 	 0.179563
2.82083 	 0.176827
2.82712 	 0.174165
2.83341 	 0.17158
2.8397 	 0.169079
2.84599 	 0.166663
2.85228 	 0.164336
2.85857 	 0.162098
2.86486 	 0.159951
2.87115 	 0.157893
2.87743 	 0.155924
2.88372 	 0.154041
2.89001 	 0.152241
2.8963 	 0.150521
2.90259 	 0.148876
2.90888 	 0.147301
2.91517 	 0.145792
2.92146 	 0.144341
2.92775 	 0.142943
2.93404 	 0.141592
2.94033 	 0.140281
2.94662 	 0.139003
2.95291 	 0.137751
2.9592 	 0.13652
2.96549 	 0.135303
2.97178 	 0.134093
2.97807 	 0.132885
2.98436 	 0.131673
2.99065 	 0.130453
2.99693 	 0.12922
3.00322 	 0.12797
3.00951 	 0.126699
3.0158 	 0.125406
3.02209 	 0.124087
3.02838 	 0.122741
3.03467 	 0.121368
3.04096 	 0.119968
3.04725 	 0.11854
3.05354 	 0.117086
3.05983 	 0.115608
3.06612 	 0.114107
3.07241 	 0.112587
3.0787 	 0.11105
3.08499 	 0.109501
3.09128 	 0.107943
3.09757 	 0.106381
3.10386 	 0.104819
3.11015 	 0.103262
3.11643 	 0.101715
3.12272 	 0.100182
3.12901 	 0.0986699
3.1353 	 0.0971823
3.14159 	 0.0957244
